# The links inside the communities at k=17
# from /Users/ischeinfeld/Documents/research/conceptNet/data/cfinder/feature_network_w1
# at no lower link weight threshold,
# and at no upper link weight threshold.
# Links were treated as undirected.
# No time limit was set for the clique search.

0:
107 27
107 51
107 82
107 56
107 58
107 74
107 109
107 106
107 54
107 41
107 63
107 14
107 47
107 46
107 76
107 92
27 51
27 82
27 56
27 58
27 74
27 109
27 106
27 54
27 41
27 63
27 14
27 47
27 46
27 76
27 92
51 82
51 56
51 58
51 74
51 109
51 106
51 54
51 41
51 63
51 14
51 47
51 46
51 76
51 92
82 56
82 58
82 74
82 109
82 106
82 54
82 41
82 63
82 14
82 47
82 46
82 76
82 92
56 58
56 74
56 109
56 106
56 54
56 41
56 63
56 14
56 47
56 46
56 76
56 92
58 74
58 109
58 106
58 54
58 41
58 63
58 14
58 47
58 46
58 76
58 92
74 109
74 106
74 54
74 41
74 63
74 14
74 47
74 46
74 76
74 92
109 106
109 54
109 41
109 63
109 14
109 47
109 46
109 76
109 92
106 54
106 41
106 63
106 14
106 47
106 46
106 76
106 92
54 41
54 63
54 14
54 47
54 46
54 76
54 92
41 63
41 14
41 47
41 46
41 76
41 92
63 14
63 47
63 46
63 76
63 92
14 47
14 46
14 76
14 92
47 46
47 76
47 92
46 76
46 92
76 92
1:
0 104
0 107
0 12
0 18
0 19
0 20
0 25
0 48
0 5
0 51
0 66
0 70
0 77
0 80
0 81
0 82
0 84
104 107
104 12
104 18
104 19
104 20
104 25
104 48
104 5
104 51
104 66
104 70
104 77
104 80
104 81
104 82
104 84
107 12
107 18
107 19
107 20
107 25
107 48
107 5
107 51
107 66
107 70
107 77
107 80
107 81
107 82
107 84
12 18
12 19
12 20
12 25
12 48
12 5
12 51
12 66
12 70
12 77
12 80
12 81
12 82
12 84
18 19
18 20
18 25
18 48
18 5
18 51
18 66
18 70
18 77
18 80
18 81
18 82
18 84
19 20
19 25
19 48
19 5
19 51
19 66
19 70
19 77
19 80
19 81
19 82
19 84
20 25
20 48
20 5
20 51
20 66
20 70
20 77
20 80
20 81
20 82
20 84
25 48
25 5
25 51
25 66
25 70
25 77
25 80
25 81
25 82
25 84
48 5
48 51
48 66
48 70
48 77
48 80
48 81
48 82
48 84
5 51
5 66
5 70
5 77
5 80
5 81
5 82
5 84
51 66
51 70
51 77
51 80
51 81
51 82
51 84
66 70
66 77
66 80
66 81
66 82
66 84
70 77
70 80
70 81
70 82
70 84
77 80
77 81
77 82
77 84
80 81
80 82
80 84
81 82
81 84
82 84
2:
104 20
104 32
104 81
104 11
104 56
104 57
104 8
104 36
104 55
104 58
104 73
104 74
104 103
104 105
104 108
104 28
104 54
104 83
104 6
20 32
20 81
20 11
20 56
20 57
20 8
20 36
20 55
20 58
20 73
20 74
20 103
20 105
20 108
20 28
20 54
20 83
20 6
32 81
32 11
32 56
32 57
32 8
32 36
32 55
32 58
32 73
32 74
32 103
32 105
32 108
32 28
32 54
32 83
32 6
81 11
81 56
81 57
81 8
81 36
81 55
81 58
81 73
81 74
81 103
81 105
81 108
81 28
81 54
81 83
81 6
11 56
11 57
11 8
11 36
11 55
11 58
11 73
11 74
11 103
11 105
11 108
11 28
11 54
11 83
11 6
56 57
56 8
56 36
56 55
56 58
56 73
56 74
56 103
56 105
56 108
56 28
56 54
56 83
56 6
57 8
57 36
57 55
57 58
57 73
57 74
57 103
57 105
57 108
57 28
57 54
57 83
57 6
8 36
8 55
8 58
8 73
8 74
8 103
8 105
8 108
8 28
8 54
8 83
8 6
36 55
36 58
36 73
36 74
36 103
36 105
36 108
36 28
36 54
36 83
36 6
55 58
55 73
55 74
55 103
55 105
55 108
55 28
55 54
55 83
55 6
58 73
58 74
58 103
58 105
58 108
58 28
58 54
58 83
58 6
73 74
73 103
73 105
73 108
73 28
73 54
73 83
73 6
74 103
74 105
74 108
74 28
74 54
74 83
74 6
103 105
103 108
103 28
103 54
103 83
103 6
105 108
105 28
105 54
105 83
105 6
108 28
108 54
108 83
108 6
28 54
28 83
28 6
54 83
54 6
83 6
3:
35 98
35 100
35 101
35 109
35 13
35 63
35 96
35 17
35 21
35 26
35 42
35 44
35 67
35 71
35 75
35 78
35 89
35 91
98 100
98 101
98 109
98 13
98 63
98 96
98 17
98 21
98 26
98 42
98 44
98 67
98 71
98 75
98 78
98 89
98 91
100 101
100 109
100 13
100 63
100 96
100 17
100 21
100 26
100 42
100 44
100 67
100 71
100 75
100 78
100 89
100 91
101 109
101 13
101 63
101 96
101 17
101 21
101 26
101 42
101 44
101 67
101 71
101 75
101 78
101 89
101 91
109 13
109 63
109 96
109 17
109 21
109 26
109 42
109 44
109 67
109 71
109 75
109 78
109 89
109 91
13 63
13 96
13 17
13 21
13 26
13 42
13 44
13 67
13 71
13 75
13 78
13 89
13 91
63 96
63 17
63 21
63 26
63 42
63 44
63 67
63 71
63 75
63 78
63 89
63 91
96 17
96 21
96 26
96 42
96 44
96 67
96 71
96 75
96 78
96 89
96 91
17 21
17 26
17 42
17 44
17 67
17 71
17 75
17 78
17 89
17 91
21 26
21 42
21 44
21 67
21 71
21 75
21 78
21 89
21 91
26 42
26 44
26 67
26 71
26 75
26 78
26 89
26 91
42 44
42 67
42 71
42 75
42 78
42 89
42 91
44 67
44 71
44 75
44 78
44 89
44 91
67 71
67 75
67 78
67 89
67 91
71 75
71 78
71 89
71 91
75 78
75 89
75 91
78 89
78 91
89 91
4:
0 104
0 107
0 18
0 19
0 20
0 25
0 32
0 33
0 39
0 48
0 5
0 51
0 66
0 70
0 77
0 82
104 107
104 18
104 19
104 20
104 25
104 32
104 33
104 39
104 48
104 5
104 51
104 66
104 70
104 77
104 82
107 18
107 19
107 20
107 25
107 32
107 33
107 39
107 48
107 5
107 51
107 66
107 70
107 77
107 82
18 19
18 20
18 25
18 32
18 33
18 39
18 48
18 5
18 51
18 66
18 70
18 77
18 82
19 20
19 25
19 32
19 33
19 39
19 48
19 5
19 51
19 66
19 70
19 77
19 82
20 25
20 32
20 33
20 39
20 48
20 5
20 51
20 66
20 70
20 77
20 82
25 32
25 33
25 39
25 48
25 5
25 51
25 66
25 70
25 77
25 82
32 33
32 39
32 48
32 5
32 51
32 66
32 70
32 77
32 82
33 39
33 48
33 5
33 51
33 66
33 70
33 77
33 82
39 48
39 5
39 51
39 66
39 70
39 77
39 82
48 5
48 51
48 66
48 70
48 77
48 82
5 51
5 66
5 70
5 77
5 82
51 66
51 70
51 77
51 82
66 70
66 77
66 82
70 77
70 82
77 82
5:
12 18
12 19
12 48
12 49
12 50
12 77
12 2
12 45
12 85
12 103
12 105
12 83
12 13
12 34
12 41
12 93
12 96
12 9
18 19
18 48
18 49
18 50
18 77
18 2
18 45
18 85
18 103
18 105
18 83
18 13
18 34
18 41
18 93
18 96
18 9
19 48
19 49
19 50
19 77
19 2
19 45
19 85
19 103
19 105
19 83
19 13
19 34
19 41
19 93
19 96
19 9
48 49
48 50
48 77
48 2
48 45
48 85
48 103
48 105
48 83
48 13
48 34
48 41
48 93
48 96
48 9
49 50
49 77
49 2
49 45
49 85
49 103
49 105
49 83
49 13
49 34
49 41
49 93
49 96
49 9
50 77
50 2
50 45
50 85
50 103
50 105
50 83
50 13
50 34
50 41
50 93
50 96
50 9
77 2
77 45
77 85
77 103
77 105
77 83
77 13
77 34
77 41
77 93
77 96
77 9
2 45
2 85
2 103
2 105
2 83
2 13
2 34
2 41
2 93
2 96
2 9
45 85
45 103
45 105
45 83
45 13
45 34
45 41
45 93
45 96
45 9
85 103
85 105
85 83
85 13
85 34
85 41
85 93
85 96
85 9
103 105
103 83
103 13
103 34
103 41
103 93
103 96
103 9
105 83
105 13
105 34
105 41
105 93
105 96
105 9
83 13
83 34
83 41
83 93
83 96
83 9
13 34
13 41
13 93
13 96
13 9
34 41
34 93
34 96
34 9
41 93
41 96
41 9
93 96
93 9
96 9
