# The links inside the communities at k=20
# from /Users/ischeinfeld/Documents/research/conceptNet/data/cfinder/feature_network_w1
# at no lower link weight threshold,
# and at no upper link weight threshold.
# Links were treated as undirected.
# No time limit was set for the clique search.

0:
104 20
104 32
104 81
104 11
104 56
104 57
104 8
104 36
104 55
104 58
104 73
104 74
104 103
104 105
104 108
104 28
104 54
104 83
104 6
20 32
20 81
20 11
20 56
20 57
20 8
20 36
20 55
20 58
20 73
20 74
20 103
20 105
20 108
20 28
20 54
20 83
20 6
32 81
32 11
32 56
32 57
32 8
32 36
32 55
32 58
32 73
32 74
32 103
32 105
32 108
32 28
32 54
32 83
32 6
81 11
81 56
81 57
81 8
81 36
81 55
81 58
81 73
81 74
81 103
81 105
81 108
81 28
81 54
81 83
81 6
11 56
11 57
11 8
11 36
11 55
11 58
11 73
11 74
11 103
11 105
11 108
11 28
11 54
11 83
11 6
56 57
56 8
56 36
56 55
56 58
56 73
56 74
56 103
56 105
56 108
56 28
56 54
56 83
56 6
57 8
57 36
57 55
57 58
57 73
57 74
57 103
57 105
57 108
57 28
57 54
57 83
57 6
8 36
8 55
8 58
8 73
8 74
8 103
8 105
8 108
8 28
8 54
8 83
8 6
36 55
36 58
36 73
36 74
36 103
36 105
36 108
36 28
36 54
36 83
36 6
55 58
55 73
55 74
55 103
55 105
55 108
55 28
55 54
55 83
55 6
58 73
58 74
58 103
58 105
58 108
58 28
58 54
58 83
58 6
73 74
73 103
73 105
73 108
73 28
73 54
73 83
73 6
74 103
74 105
74 108
74 28
74 54
74 83
74 6
103 105
103 108
103 28
103 54
103 83
103 6
105 108
105 28
105 54
105 83
105 6
108 28
108 54
108 83
108 6
28 54
28 83
28 6
54 83
54 6
83 6
