0 5
0 82
0 104
0 107
4 16
5 12
5 18
5 19
5 20
5 27
5 48
5 82
5 104
5 107
6 32
6 68
6 83
6 105
6 106
6 108
7 9
7 21
7 34
7 52
9 34
10 37
10 57
12 50
13 21
16 65
17 44
18 19
18 20
18 48
18 70
19 20
19 48
19 82
19 84
19 104
19 107
20 48
20 82
20 104
20 107
21 34
21 52
25 77
27 82
27 107
29 38
29 39
32 68
32 83
32 105
32 108
34 52
35 72
35 94
37 57
38 39
38 59
38 60
38 87
40 65
40 99
42 62
44 75
48 82
48 104
48 107
49 50
57 74
60 111
65 99
68 105
70 81
82 104
82 107
83 105
84 104
84 107
96 109
100 101
104 107
105 106
105 108
110 112
