# The contained cliques in the communities at k=8
# from /Users/ischeinfeld/Documents/research/conceptNet/data/cfinder/feature_network_w1
# at no lower link weight threshold,
# and at no upper link weight threshold.
# Links were treated as undirected.
# No time limit was set for the clique search.

0: 15 38 
1: 32 
2: 33 109 66 104 105 106 107 108 110 111 112 113 114 115 118 123 124 125 126 127 128 129 130 131 132 133 134 135 136 139 186 187 188 189 234 265 266 295 296 298 299 300 301 305 306 137 138 140 141 142 143 145 190 191 233 235 244 275 289 292 302 304 316 317 146 178 192 193 194 144 179 180 182 198 220 236 245 246 256 297 307 181 308 293 164 163 165 166 87 98 85 86 148 151 167 169 217 219 240 241 262 264 64 147 149 154 152 208 218 276 206 207 119 117 291 290 37 35 168 34 318 263 116 
3: 41 43 45 44 46 47 42 
4: 49 71 157 
5: 67 69 72 73 88 89 90 99 100 171 172 173 223 78 177 228 229 
6: 75 159 162 161 
