# The cliques from /Users/ischeinfeld/Documents/research/conceptNet/data/cfinder/feature_network_w1
# at no lower link weight threshold,
# and at no upper link weight threshold.
# Links were treated as undirected.
# No time limit was set for the clique search.

0: 65 64 3 
1: 43 101 102 90 
2: 43 102 23 90 
3: 37 43 102 
4: 107 22 15 2 109 53 
5: 22 1 15 2 
6: 39 110 112 59 29 38 87 
7: 2 35 109 53 
8: 35 72 53 
9: 51 77 11 31 45 
10: 51 77 31 89 
11: 51 1 11 31 45 95 
12: 51 31 95 89 
13: 77 31 45 9 
14: 77 31 89 9 
15: 39 77 110 59 29 38 60 86 
16: 39 110 59 29 38 60 87 
17: 0 107 22 
18: 22 1 2 65 
19: 22 2 65 16 
20: 22 65 78 16 
21: 22 109 78 
22: 25 39 77 111 
23: 25 77 24 30 61 111 
24: 39 77 111 29 38 60 
25: 39 23 111 29 38 60 
26: 77 24 61 111 38 60 
27: 77 61 111 29 38 60 
28: 39 59 29 38 60 87 69 
29: 24 61 38 60 87 
30: 61 29 38 60 87 
31: 25 77 81 24 30 61 
32: 77 81 11 8 74 24 28 30 61 64 
33: 104 18 32 33 5 83 68 6 
34: 104 18 32 105 83 13 68 6 
35: 104 32 105 108 83 13 68 6 
36: 32 33 106 83 68 6 
37: 32 105 106 108 83 13 47 68 6 
38: 39 77 59 29 38 60 69 86 
39: 104 19 32 82 13 21 52 
40: 104 19 82 13 21 52 7 
41: 19 32 13 34 96 21 52 71 
42: 19 82 109 13 14 21 52 7 
43: 19 109 13 34 96 21 52 71 9 7 
44: 19 109 13 34 14 21 52 71 9 7 
45: 32 13 34 96 21 52 71 89 
46: 109 13 34 96 21 52 71 89 9 
47: 109 13 34 14 21 52 71 89 9 
48: 39 59 29 38 69 86 97 
49: 39 79 35 8 94 95 62 72 59 38 69 86 97 
50: 35 94 44 62 97 
51: 19 13 34 93 96 9 7 
52: 19 13 34 93 14 9 7 
53: 82 109 14 92 7 
54: 109 34 14 92 7 
55: 34 93 14 92 7 
56: 77 8 24 61 38 
57: 65 8 24 64 
58: 66 77 81 8 64 
59: 66 77 64 41 
60: 66 65 8 64 62 
61: 66 64 41 62 
62: 77 74 64 41 
63: 65 64 42 62 
64: 107 27 51 82 56 58 74 109 106 54 41 63 14 47 46 76 92 
65: 39 77 8 59 38 69 86 
66: 0 104 107 12 18 19 20 25 48 5 51 66 70 77 80 81 82 84 
67: 2 35 40 65 94 98 99 63 17 42 44 91 62 16 23 4 
68: 2 41 63 17 62 4 
69: 40 98 17 42 44 62 88 16 4 
70: 41 17 62 88 4 
71: 79 35 94 95 63 62 72 86 
72: 66 1 10 2 35 37 40 43 56 57 65 8 85 94 98 99 
73: 2 35 40 43 65 94 98 99 23 
74: 35 43 98 101 
75: 25 66 95 41 93 14 17 26 89 62 72 88 
76: 66 40 98 17 62 88 
77: 66 98 17 26 89 62 88 
78: 98 17 26 42 44 67 75 89 62 88 16 
79: 14 17 26 42 89 62 88 
80: 109 34 41 14 92 
81: 34 41 93 14 92 
82: 77 2 8 59 
83: 2 35 8 94 62 59 
84: 10 37 56 57 8 85 74 
85: 10 37 56 57 8 36 55 58 74 
86: 10 56 57 8 36 55 58 73 74 
87: 104 20 32 81 11 56 57 8 36 55 58 73 74 103 105 108 28 54 83 6 
88: 35 98 100 101 109 13 63 96 17 21 26 42 44 67 71 75 78 89 91 
89: 35 98 100 101 63 17 26 42 44 67 75 78 89 91 16 
90: 35 98 63 17 26 42 44 67 75 89 91 62 16 
91: 51 66 1 56 
92: 51 66 1 95 
93: 51 1 11 56 
94: 66 1 35 8 94 95 
95: 1 11 56 57 8 
96: 1 11 8 95 
97: 1 2 40 45 65 85 99 
98: 104 20 32 48 81 55 103 105 83 6 
99: 35 40 65 98 99 100 63 17 42 44 91 16 
100: 35 65 98 100 63 17 42 44 78 91 16 
101: 45 65 42 78 16 
102: 45 13 96 42 71 78 
103: 39 35 94 62 23 38 
104: 0 104 107 18 19 20 25 32 33 39 48 5 51 66 70 77 82 
105: 0 104 107 18 19 20 27 32 33 48 5 51 70 82 
106: 0 104 107 19 20 27 33 48 5 51 79 82 
107: 0 104 107 19 20 33 39 48 5 51 79 82 
108: 104 107 18 19 20 27 32 33 48 5 51 70 82 6 
109: 104 107 18 19 20 27 32 33 48 5 70 82 83 6 
110: 104 107 18 19 20 32 33 48 5 70 77 82 83 
111: 104 107 19 20 27 33 48 5 51 79 82 6 
112: 104 18 19 20 32 33 48 51 77 103 
113: 104 18 19 20 32 33 48 51 103 6 
114: 104 18 19 20 32 33 48 77 103 83 
115: 104 18 19 20 32 33 48 103 83 6 
116: 104 19 20 33 48 51 79 103 6 
117: 107 27 32 33 51 82 106 6 
118: 107 27 32 33 82 106 83 6 
119: 107 27 33 51 79 82 106 6 
120: 32 33 51 103 106 6 
121: 32 33 103 106 83 6 
122: 33 51 79 103 106 6 
123: 0 104 107 12 18 19 20 27 48 5 51 70 81 82 84 
124: 0 104 107 18 19 20 25 32 48 5 51 66 70 77 81 82 
125: 0 104 107 18 19 20 27 32 48 5 51 70 81 82 
126: 104 107 12 18 19 20 27 48 5 51 70 81 82 84 6 
127: 104 107 12 18 19 20 27 48 5 70 81 82 83 6 
128: 104 107 12 18 19 20 48 5 70 77 81 82 83 
129: 104 107 18 19 20 27 32 48 5 51 70 81 82 6 
130: 104 107 18 19 20 27 32 48 5 70 81 82 83 6 
131: 104 107 18 19 20 32 48 5 70 77 81 82 83 
132: 0 104 107 12 18 19 20 27 48 49 5 81 82 84 
133: 0 104 107 12 18 19 20 48 49 5 77 81 82 84 
134: 0 104 107 12 19 20 27 48 49 5 79 82 84 
135: 0 104 107 12 19 20 27 48 5 51 79 82 84 
136: 0 104 12 18 19 27 48 49 5 50 81 82 84 
137: 0 104 12 18 19 48 49 5 50 77 81 82 84 
138: 0 104 12 19 27 48 49 5 50 79 82 84 
139: 104 107 12 19 20 27 48 5 51 79 82 84 6 
140: 104 12 18 19 20 48 49 77 81 84 103 
141: 104 12 18 19 20 48 51 77 81 84 103 
142: 104 12 18 19 20 48 51 81 84 103 6 
143: 104 12 18 19 48 49 50 77 81 84 103 
144: 104 12 19 20 48 49 79 84 103 
145: 104 12 19 20 48 51 79 84 103 6 
146: 104 12 19 48 49 50 79 84 103 
147: 107 27 32 51 82 56 58 74 106 54 47 6 
148: 107 27 32 82 56 58 74 106 54 83 47 6 
149: 107 27 82 56 58 74 106 54 83 41 47 
150: 32 82 106 83 13 47 6 
151: 32 56 58 74 105 106 108 54 83 47 6 
152: 82 109 106 13 41 63 14 47 
153: 82 106 83 13 41 47 
154: 56 58 74 105 106 54 83 41 47 
155: 105 106 83 13 41 47 
156: 25 39 66 95 62 72 
157: 39 66 35 8 94 95 62 72 
158: 66 35 94 95 17 62 72 
159: 66 35 95 17 26 89 62 72 
160: 35 94 95 63 17 62 72 
161: 35 95 63 17 26 89 62 72 
162: 95 41 63 14 17 26 89 62 72 
163: 104 12 20 81 103 105 108 83 6 
164: 104 12 103 105 108 83 13 6 
165: 104 32 103 105 108 83 13 6 
166: 12 103 105 106 108 83 13 6 
167: 32 56 58 74 103 105 106 108 54 83 6 
168: 32 103 105 106 108 83 13 6 
169: 104 20 32 77 81 11 8 74 103 105 28 83 
170: 2 40 45 65 99 42 16 
171: 66 2 35 40 65 8 94 98 99 62 
172: 66 2 35 40 65 94 98 99 17 62 
173: 2 35 40 56 65 94 98 99 63 
174: 19 45 13 34 96 71 9 
175: 19 45 13 34 14 71 9 
176: 45 13 14 42 71 
177: 109 13 63 14 17 21 26 42 71 89 
178: 12 18 19 48 49 50 77 2 45 85 103 105 83 13 34 41 93 96 9 
179: 19 2 45 13 34 41 93 14 9 
180: 19 2 109 13 34 41 96 9 
181: 19 2 109 13 34 41 14 9 
182: 77 13 34 41 93 96 89 9 
183: 109 13 34 41 96 89 9 
184: 109 13 34 41 14 89 9 
185: 13 34 41 93 14 89 9 
186: 104 107 12 18 19 20 27 48 49 5 81 82 83 
187: 104 107 12 18 19 20 48 49 5 77 81 82 83 
188: 104 12 18 19 27 48 49 5 50 81 82 83 
189: 104 12 18 19 48 49 5 50 77 81 82 83 
190: 104 12 18 19 48 49 50 77 81 103 105 83 
191: 104 12 18 19 48 49 50 77 82 83 13 
192: 104 12 18 19 48 49 50 77 103 105 83 13 
193: 12 18 19 27 48 49 50 82 83 41 
194: 12 18 19 48 49 50 77 82 83 13 41 
195: 12 27 49 50 79 82 63 
196: 12 27 49 50 82 41 63 
197: 12 49 50 82 13 41 63 
198: 12 49 50 2 13 41 63 96 
199: 25 39 51 66 95 
200: 25 51 66 95 41 14 89 
201: 39 51 79 95 
202: 51 79 95 63 
203: 51 45 95 41 14 
204: 51 95 41 63 14 89 
205: 45 95 41 93 14 
206: 107 12 27 51 79 82 106 63 
207: 107 12 27 51 79 82 106 6 
208: 107 12 27 51 82 106 41 63 
209: 107 12 27 82 106 83 41 
210: 107 12 27 82 106 83 6 
211: 12 51 79 103 106 6 
212: 12 51 103 106 41 
213: 12 82 106 83 13 41 
214: 12 82 106 83 13 6 
215: 12 82 106 13 41 63 
216: 12 103 105 106 83 13 41 
217: 32 51 56 58 74 103 106 54 6 
218: 51 56 58 74 103 106 54 41 
219: 56 58 74 103 105 106 54 83 41 
220: 18 19 32 48 77 103 105 83 13 34 96 
221: 32 77 13 34 96 89 
222: 82 109 13 63 14 21 
223: 2 35 98 109 13 63 96 17 42 44 91 
224: 25 109 41 96 17 26 89 
225: 25 109 41 14 17 26 89 
226: 25 41 93 96 17 26 89 
227: 66 35 98 17 26 89 62 
228: 109 13 41 63 96 17 26 89 
229: 109 13 41 63 14 17 26 89 
230: 13 41 93 96 17 26 89 
231: 13 41 93 14 17 26 89 
232: 63 14 17 26 42 89 62 
233: 104 12 18 19 20 48 49 77 81 103 105 83 
234: 107 12 18 19 27 48 49 82 83 41 
235: 107 12 18 19 48 49 77 82 83 41 
236: 107 12 18 19 48 49 77 2 83 41 
237: 107 12 27 49 79 82 63 
238: 107 12 27 49 82 41 63 
239: 107 12 49 2 41 63 
240: 104 20 32 51 77 81 11 74 103 
241: 104 20 32 51 81 11 56 58 74 103 54 6 
242: 51 77 11 45 103 
243: 77 11 45 103 105 83 
244: 12 18 19 25 48 66 77 41 93 
245: 12 18 19 25 48 77 41 93 96 
246: 12 18 19 48 66 77 2 85 41 93 
247: 19 25 66 41 93 14 
248: 19 66 2 41 93 14 
249: 25 66 77 41 93 89 
250: 25 77 41 93 96 89 
251: 66 2 41 93 14 17 62 
252: 2 13 41 93 96 17 
253: 2 13 41 93 14 17 
254: 104 20 39 79 8 
255: 104 20 79 8 103 6 
256: 12 18 19 48 51 77 45 103 41 96 
257: 19 51 45 41 14 
258: 2 45 13 96 42 
259: 2 45 13 14 42 
260: 2 109 13 63 14 17 42 
261: 2 63 14 17 42 62 
262: 104 20 32 66 81 56 57 8 
263: 2 56 57 8 85 103 105 83 
264: 56 57 8 85 74 103 105 83 
265: 104 107 20 27 32 51 81 82 56 58 74 54 6 
266: 104 107 20 27 32 81 82 56 58 74 54 83 6 
267: 66 77 2 8 85 
268: 66 2 56 85 41 
269: 77 2 8 85 103 105 83 
270: 77 8 85 74 103 105 83 
271: 77 85 74 103 105 83 41 
272: 2 35 85 98 13 96 
273: 2 56 85 103 105 83 41 
274: 56 85 74 103 105 83 41 
275: 107 12 18 19 27 48 51 82 41 
276: 107 19 27 51 82 109 41 14 
277: 104 20 32 39 66 77 8 
278: 2 109 13 41 63 96 17 
279: 2 109 13 41 63 14 17 
280: 2 41 63 14 17 62 
281: 25 32 51 66 77 89 
282: 25 32 51 77 96 89 
283: 25 51 66 77 41 89 
284: 25 51 77 41 96 89 
285: 25 51 109 41 96 89 
286: 25 51 109 41 14 89 
287: 51 109 41 63 96 89 
288: 51 109 41 63 14 89 
289: 107 12 18 19 25 48 51 66 77 82 41 
290: 107 19 25 51 66 82 41 14 
291: 107 19 25 51 82 109 41 14 
292: 12 18 19 25 48 51 77 41 96 
293: 18 19 25 32 48 51 77 96 
294: 19 25 51 109 41 96 
295: 104 12 18 19 20 48 81 103 105 83 6 
296: 104 12 18 19 48 82 83 13 6 
297: 104 12 18 19 48 103 105 83 13 6 
298: 104 18 19 20 32 48 51 81 103 6 
299: 104 18 19 20 32 48 81 103 105 83 6 
300: 104 18 19 32 48 82 83 13 6 
301: 104 18 19 32 48 103 105 83 13 6 
302: 107 12 18 19 48 66 77 2 41 
303: 12 51 41 63 96 
304: 104 18 19 20 32 48 51 77 81 103 
305: 104 18 19 20 32 48 77 81 103 105 83 
306: 104 18 19 32 48 77 82 83 13 
307: 104 18 19 32 48 77 103 105 83 13 
308: 18 19 32 48 51 77 103 96 
309: 2 35 56 98 109 63 
310: 107 19 66 2 41 14 
311: 107 19 2 109 41 14 
312: 107 51 66 82 56 41 14 
313: 107 66 2 56 41 14 
314: 107 2 56 109 41 63 14 
315: 19 82 109 13 41 14 
316: 104 107 20 32 51 66 81 82 56 
317: 104 107 20 32 51 77 81 82 74 
318: 104 107 20 32 77 81 82 74 83 
319: 104 20 32 66 77 81 8 
320: 107 51 77 82 74 41 
321: 107 77 82 74 83 41 
322: 51 77 74 103 41 
323: 107 2 56 83 41 
