# The links from /Users/ischeinfeld/Documents/research/conceptNet/data/cfinder/feature_network_w1
# at no lower link weight threshold,
# and at no upper link weight threshold.
# Links were treated as undirected.
# No time limit was set for the clique search.
# (mutual links and self-links were removed)

0 104
0 107
0 12
0 18
0 19
0 20
0 22
0 25
0 27
0 32
0 33
0 39
0 48
0 49
0 5
0 50
0 51
0 66
0 70
0 77
0 79
0 80
0 81
0 82
0 84
1 10
1 11
1 15
1 2
1 22
1 31
1 35
1 37
1 40
1 43
1 45
1 51
1 56
1 57
1 65
1 66
1 8
1 85
1 94
1 95
1 98
1 99
10 35
10 36
10 37
10 40
10 43
10 55
10 56
10 57
10 58
10 65
10 66
10 73
10 74
10 85
10 94
10 98
10 99
100 101
100 109
101 102
101 109
103 104
103 105
103 106
103 108
104 105
104 107
104 108
105 106
105 108
106 107
106 108
106 109
107 109
11 103
11 104
11 105
11 108
11 20
11 24
11 28
11 30
11 31
11 32
11 36
11 45
11 51
11 54
11 55
11 56
11 57
11 58
11 61
11 64
11 73
11 74
11 77
11 81
11 83
11 95
110 112
12 103
12 104
12 105
12 106
12 107
12 108
12 13
12 18
12 19
12 20
12 25
12 27
12 34
12 41
12 45
12 48
12 49
12 50
12 51
12 63
12 66
12 70
12 77
12 79
12 80
12 81
12 82
12 83
12 84
12 85
12 93
12 96
13 100
13 101
13 103
13 104
13 105
13 106
13 108
13 109
13 14
13 17
13 18
13 19
13 21
13 26
13 32
13 34
13 35
13 41
13 42
13 44
13 45
13 47
13 48
13 49
13 50
13 52
13 63
13 67
13 68
13 71
13 75
13 77
13 78
13 82
13 83
13 85
13 89
13 91
13 93
13 96
13 98
14 106
14 107
14 109
14 17
14 19
14 21
14 25
14 26
14 27
14 34
14 41
14 42
14 45
14 46
14 47
14 51
14 52
14 54
14 56
14 58
14 62
14 63
14 66
14 71
14 72
14 74
14 76
14 82
14 88
14 89
14 92
14 93
14 95
15 107
15 109
15 22
15 53
16 100
16 101
16 17
16 22
16 23
16 26
16 35
16 40
16 42
16 44
16 45
16 62
16 63
16 65
16 67
16 75
16 78
16 88
16 89
16 91
16 94
16 98
16 99
17 100
17 101
17 109
17 21
17 23
17 25
17 26
17 35
17 40
17 41
17 42
17 44
17 62
17 63
17 65
17 66
17 67
17 71
17 72
17 75
17 78
17 88
17 89
17 91
17 93
17 94
17 95
17 96
17 98
17 99
18 103
18 104
18 105
18 107
18 19
18 20
18 25
18 27
18 32
18 33
18 34
18 39
18 41
18 45
18 48
18 49
18 50
18 51
18 66
18 68
18 70
18 77
18 80
18 81
18 82
18 83
18 84
18 85
18 93
18 96
19 103
19 104
19 105
19 107
19 109
19 20
19 21
19 25
19 27
19 32
19 33
19 34
19 39
19 41
19 45
19 48
19 49
19 50
19 51
19 52
19 66
19 70
19 71
19 77
19 79
19 80
19 81
19 82
19 83
19 84
19 85
19 93
19 96
2 10
2 103
2 105
2 107
2 109
2 12
2 13
2 14
2 15
2 16
2 17
2 18
2 19
2 22
2 23
2 34
2 35
2 37
2 4
2 40
2 41
2 42
2 43
2 44
2 45
2 48
2 49
2 50
2 53
2 56
2 57
2 59
2 62
2 63
2 65
2 66
2 77
2 8
2 83
2 85
2 9
2 91
2 93
2 94
2 96
2 98
2 99
20 103
20 104
20 105
20 107
20 108
20 25
20 27
20 28
20 32
20 33
20 36
20 39
20 48
20 49
20 51
20 54
20 55
20 56
20 57
20 58
20 66
20 70
20 73
20 74
20 77
20 79
20 80
20 81
20 82
20 83
20 84
21 100
21 101
21 104
21 109
21 26
21 32
21 34
21 35
21 42
21 44
21 52
21 63
21 67
21 71
21 75
21 78
21 82
21 89
21 91
21 96
21 98
22 107
22 109
22 53
22 65
22 78
23 102
23 111
23 29
23 35
23 38
23 39
23 40
23 42
23 43
23 44
23 60
23 62
23 63
23 65
23 90
23 91
23 94
23 98
23 99
24 111
24 25
24 28
24 30
24 38
24 60
24 61
24 64
24 65
24 74
24 77
24 81
24 87
25 104
25 107
25 109
25 111
25 26
25 30
25 32
25 33
25 39
25 41
25 48
25 51
25 61
25 62
25 66
25 70
25 72
25 77
25 80
25 81
25 82
25 84
25 88
25 89
25 93
25 95
25 96
26 100
26 101
26 109
26 35
26 41
26 42
26 44
26 62
26 63
26 66
26 67
26 71
26 72
26 75
26 78
26 88
26 89
26 91
26 93
26 95
26 96
26 98
27 104
27 106
27 107
27 109
27 32
27 33
27 41
27 46
27 47
27 48
27 49
27 50
27 51
27 54
27 56
27 58
27 63
27 70
27 74
27 76
27 79
27 81
27 82
27 83
27 84
27 92
28 103
28 104
28 105
28 108
28 30
28 32
28 36
28 54
28 55
28 56
28 57
28 58
28 61
28 64
28 73
28 74
28 77
28 81
28 83
29 110
29 111
29 112
29 38
29 39
29 59
29 60
29 61
29 69
29 77
29 86
29 87
29 97
3 64
3 65
30 111
30 61
30 64
30 74
30 77
30 81
31 45
31 51
31 77
31 89
31 95
32 103
32 104
32 105
32 106
32 107
32 108
32 33
32 34
32 36
32 39
32 47
32 48
32 51
32 52
32 54
32 55
32 56
32 57
32 58
32 66
32 68
32 70
32 71
32 73
32 74
32 77
32 81
32 82
32 83
32 89
32 96
33 103
33 104
33 106
33 107
33 39
33 48
33 51
33 66
33 68
33 70
33 77
33 79
33 82
33 83
34 103
34 105
34 109
34 41
34 45
34 48
34 49
34 50
34 52
34 71
34 77
34 83
34 85
34 89
34 92
34 93
34 96
35 100
35 101
35 109
35 37
35 38
35 39
35 40
35 42
35 43
35 44
35 53
35 56
35 57
35 59
35 62
35 63
35 65
35 66
35 67
35 69
35 71
35 72
35 75
35 78
35 79
35 85
35 86
35 89
35 91
35 94
35 95
35 96
35 97
35 98
35 99
36 103
36 104
36 105
36 108
36 37
36 54
36 55
36 56
36 57
36 58
36 73
36 74
36 81
36 83
37 102
37 40
37 43
37 55
37 56
37 57
37 58
37 65
37 66
37 74
37 85
37 94
37 98
37 99
38 110
38 111
38 112
38 39
38 59
38 60
38 61
38 62
38 69
38 72
38 77
38 79
38 86
38 87
38 94
38 95
38 97
39 104
39 107
39 110
39 111
39 112
39 48
39 51
39 59
39 60
39 62
39 66
39 69
39 70
39 72
39 77
39 79
39 82
39 86
39 87
39 94
39 95
39 97
4 16
4 17
4 23
4 35
4 40
4 41
4 42
4 44
4 62
4 63
4 65
4 88
4 91
4 94
4 98
4 99
40 100
40 42
40 43
40 44
40 45
40 56
40 57
40 62
40 63
40 65
40 66
40 85
40 88
40 91
40 94
40 98
40 99
41 103
41 105
41 106
41 107
41 109
41 45
41 46
41 47
41 48
41 49
41 50
41 51
41 54
41 56
41 58
41 62
41 63
41 64
41 66
41 72
41 74
41 76
41 77
41 82
41 83
41 85
41 88
41 89
41 92
41 93
41 95
41 96
42 100
42 101
42 109
42 44
42 45
42 62
42 63
42 64
42 65
42 67
42 71
42 75
42 78
42 88
42 89
42 91
42 94
42 96
42 98
42 99
43 101
43 102
43 56
43 57
43 65
43 66
43 85
43 90
43 94
43 98
43 99
44 100
44 101
44 109
44 62
44 63
44 65
44 67
44 71
44 75
44 78
44 88
44 89
44 91
44 94
44 96
44 97
44 98
44 99
45 103
45 105
45 48
45 49
45 50
45 51
45 65
45 71
45 77
45 78
45 83
45 85
45 93
45 95
45 96
45 99
46 106
46 107
46 109
46 47
46 51
46 54
46 56
46 58
46 63
46 74
46 76
46 82
46 92
47 105
47 106
47 107
47 108
47 109
47 51
47 54
47 56
47 58
47 63
47 68
47 74
47 76
47 82
47 83
47 92
48 103
48 104
48 105
48 107
48 49
48 50
48 51
48 55
48 66
48 70
48 77
48 79
48 80
48 81
48 82
48 83
48 84
48 85
48 93
48 96
49 103
49 104
49 105
49 107
49 50
49 63
49 77
49 79
49 81
49 82
49 83
49 84
49 85
49 93
49 96
5 104
5 107
5 12
5 18
5 19
5 20
5 25
5 27
5 32
5 33
5 39
5 48
5 49
5 50
5 51
5 6
5 66
5 68
5 70
5 77
5 79
5 80
5 81
5 82
5 83
5 84
50 103
50 104
50 105
50 63
50 77
50 79
50 81
50 82
50 83
50 84
50 85
50 93
50 96
51 103
51 104
51 106
51 107
51 109
51 54
51 56
51 58
51 63
51 66
51 70
51 74
51 76
51 77
51 79
51 80
51 81
51 82
51 84
51 89
51 92
51 95
51 96
52 104
52 109
52 71
52 82
52 89
52 96
53 107
53 109
53 72
54 103
54 104
54 105
54 106
54 107
54 108
54 109
54 55
54 56
54 57
54 58
54 63
54 73
54 74
54 76
54 81
54 82
54 83
54 92
55 103
55 104
55 105
55 108
55 56
55 57
55 58
55 73
55 74
55 81
55 83
56 103
56 104
56 105
56 106
56 107
56 108
56 109
56 57
56 58
56 63
56 65
56 66
56 73
56 74
56 76
56 81
56 82
56 83
56 85
56 92
56 94
56 98
56 99
57 103
57 104
57 105
57 108
57 58
57 65
57 66
57 73
57 74
57 81
57 83
57 85
57 94
57 98
57 99
58 103
58 104
58 105
58 106
58 107
58 108
58 109
58 63
58 73
58 74
58 76
58 81
58 82
58 83
58 92
59 110
59 112
59 60
59 62
59 69
59 72
59 77
59 79
59 86
59 87
59 94
59 95
59 97
6 103
6 104
6 105
6 106
6 107
6 108
6 11
6 12
6 13
6 18
6 19
6 20
6 27
6 28
6 32
6 33
6 36
6 47
6 48
6 51
6 54
6 55
6 56
6 57
6 58
6 68
6 70
6 73
6 74
6 79
6 8
6 81
6 82
6 83
6 84
60 110
60 111
60 61
60 69
60 77
60 86
60 87
61 111
61 64
61 74
61 77
61 81
61 87
62 63
62 64
62 65
62 66
62 67
62 69
62 72
62 75
62 79
62 86
62 88
62 89
62 91
62 93
62 94
62 95
62 97
62 98
62 99
63 100
63 101
63 106
63 107
63 109
63 65
63 67
63 71
63 72
63 74
63 75
63 76
63 78
63 79
63 82
63 86
63 89
63 91
63 92
63 94
63 95
63 96
63 98
63 99
64 65
64 66
64 74
64 77
64 81
65 100
65 66
65 78
65 85
65 91
65 94
65 98
65 99
66 104
66 107
66 70
66 72
66 77
66 80
66 81
66 82
66 84
66 85
66 88
66 89
66 93
66 94
66 95
66 98
66 99
67 100
67 101
67 109
67 71
67 75
67 78
67 88
67 89
67 91
67 96
67 98
68 104
68 105
68 106
68 108
68 83
69 72
69 77
69 79
69 86
69 87
69 94
69 95
69 97
7 104
7 109
7 13
7 14
7 19
7 21
7 34
7 52
7 71
7 82
7 9
7 92
7 93
7 96
70 104
70 107
70 77
70 80
70 81
70 82
70 83
70 84
71 100
71 101
71 109
71 75
71 78
71 89
71 91
71 96
71 98
72 79
72 86
72 88
72 89
72 93
72 94
72 95
72 97
73 103
73 104
73 105
73 108
73 74
73 81
73 83
74 103
74 104
74 105
74 106
74 107
74 108
74 109
74 76
74 77
74 81
74 82
74 83
74 85
74 92
75 100
75 101
75 109
75 78
75 88
75 89
75 91
75 96
75 98
76 106
76 107
76 109
76 82
76 92
77 103
77 104
77 105
77 107
77 110
77 111
77 80
77 81
77 82
77 83
77 84
77 85
77 86
77 89
77 93
77 96
78 100
78 101
78 109
78 89
78 91
78 96
78 98
79 103
79 104
79 106
79 107
79 82
79 84
79 86
79 94
79 95
79 97
8 10
8 103
8 104
8 105
8 108
8 11
8 20
8 24
8 28
8 30
8 32
8 35
8 36
8 37
8 38
8 39
8 40
8 43
8 54
8 55
8 56
8 57
8 58
8 59
8 61
8 62
8 64
8 65
8 66
8 69
8 72
8 73
8 74
8 77
8 79
8 81
8 83
8 85
8 86
8 94
8 95
8 97
8 98
8 99
80 104
80 107
80 81
80 82
80 84
81 103
81 104
81 105
81 107
81 108
81 82
81 83
81 84
82 104
82 106
82 107
82 109
82 83
82 84
82 92
83 103
83 104
83 105
83 106
83 107
83 108
83 85
83 93
83 96
84 103
84 104
84 107
85 103
85 105
85 93
85 94
85 96
85 98
85 99
86 110
86 94
86 95
86 97
87 110
87 112
88 89
88 93
88 95
88 98
89 100
89 101
89 109
89 91
89 93
89 95
89 96
89 98
9 103
9 105
9 109
9 12
9 13
9 14
9 18
9 19
9 21
9 31
9 34
9 41
9 45
9 48
9 49
9 50
9 52
9 71
9 77
9 83
9 85
9 89
9 93
9 96
90 101
90 102
91 100
91 101
91 109
91 94
91 96
91 98
91 99
92 106
92 107
92 109
92 93
93 103
93 105
93 95
93 96
94 95
94 97
94 98
94 99
95 97
96 100
96 101
96 103
96 105
96 109
96 98
98 100
98 101
98 109
98 99
99 100
