# The links inside the communities at k=6
# from /Users/ischeinfeld/Documents/research/conceptNet/data/cfinder/feature_network_w1
# at no lower link weight threshold,
# and at no upper link weight threshold.
# Links were treated as undirected.
# No time limit was set for the clique search.

0:
107 22
107 15
107 2
107 109
107 53
22 15
22 2
22 109
22 53
15 2
15 109
15 53
2 109
2 53
109 53
1:
0 104
0 107
0 12
0 18
0 19
0 20
0 25
0 27
0 32
0 33
0 39
0 48
0 49
0 5
0 50
0 51
0 66
0 70
0 77
0 79
0 80
0 81
0 82
0 84
104 107
104 12
104 18
104 19
104 20
104 25
104 27
104 32
104 33
104 39
104 48
104 49
104 5
104 50
104 51
104 66
104 70
104 77
104 79
104 80
104 81
104 82
104 84
104 11
104 56
104 57
104 8
104 36
104 55
104 58
104 73
104 74
104 103
104 105
104 108
104 28
104 54
104 83
104 13
104 21
104 52
104 68
104 6
104 7
107 12
107 18
107 19
107 20
107 25
107 27
107 32
107 33
107 39
107 48
107 49
107 5
107 51
107 66
107 70
107 77
107 79
107 80
107 81
107 82
107 84
107 2
107 56
107 58
107 74
107 109
107 106
107 54
107 83
107 41
107 63
107 14
107 47
107 46
107 76
107 92
107 6
12 18
12 19
12 20
12 25
12 27
12 48
12 49
12 5
12 50
12 51
12 66
12 70
12 77
12 79
12 80
12 81
12 82
12 84
12 2
12 45
12 85
12 103
12 105
12 106
12 108
12 83
12 13
12 34
12 41
12 63
12 93
12 96
12 9
12 6
18 19
18 20
18 25
18 27
18 32
18 33
18 39
18 48
18 49
18 5
18 50
18 51
18 66
18 70
18 77
18 80
18 81
18 82
18 84
18 2
18 45
18 85
18 103
18 105
18 83
18 13
18 34
18 41
18 93
18 96
18 68
18 9
18 6
19 20
19 25
19 27
19 32
19 33
19 39
19 48
19 49
19 5
19 50
19 51
19 66
19 70
19 77
19 79
19 80
19 81
19 82
19 84
19 2
19 45
19 85
19 109
19 103
19 105
19 83
19 13
19 34
19 41
19 93
19 96
19 14
19 21
19 52
19 71
19 9
19 6
19 7
20 25
20 27
20 32
20 33
20 39
20 48
20 49
20 5
20 51
20 66
20 70
20 77
20 79
20 80
20 81
20 82
20 84
20 11
20 56
20 57
20 8
20 36
20 55
20 58
20 73
20 74
20 103
20 105
20 108
20 28
20 54
20 83
20 6
25 32
25 33
25 39
25 48
25 5
25 51
25 66
25 70
25 77
25 80
25 81
25 82
25 84
25 95
25 109
25 24
25 30
25 61
25 41
25 93
25 96
25 14
25 17
25 26
25 89
25 62
25 72
25 88
25 111
27 32
27 33
27 48
27 49
27 5
27 50
27 51
27 70
27 79
27 81
27 82
27 84
27 56
27 58
27 74
27 109
27 106
27 54
27 83
27 41
27 63
27 14
27 47
27 46
27 76
27 92
27 6
32 33
32 39
32 48
32 5
32 51
32 66
32 70
32 77
32 81
32 82
32 11
32 56
32 57
32 8
32 36
32 55
32 58
32 73
32 74
32 103
32 105
32 106
32 108
32 28
32 54
32 83
32 13
32 34
32 96
32 21
32 47
32 52
32 68
32 71
32 89
32 6
33 39
33 48
33 5
33 51
33 66
33 70
33 77
33 79
33 82
33 103
33 106
33 83
33 68
33 6
39 48
39 5
39 51
39 66
39 70
39 77
39 79
39 82
39 35
39 8
39 94
39 95
39 110
39 112
39 62
39 72
39 23
39 59
39 111
39 29
39 38
39 60
39 87
39 69
39 86
39 97
48 49
48 5
48 50
48 51
48 66
48 70
48 77
48 79
48 80
48 81
48 82
48 84
48 2
48 45
48 85
48 55
48 103
48 105
48 83
48 13
48 34
48 41
48 93
48 96
48 9
48 6
49 5
49 50
49 77
49 79
49 81
49 82
49 84
49 2
49 45
49 85
49 103
49 105
49 83
49 13
49 34
49 41
49 63
49 93
49 96
49 9
5 50
5 51
5 66
5 70
5 77
5 79
5 80
5 81
5 82
5 84
5 83
5 68
5 6
50 77
50 79
50 81
50 82
50 84
50 2
50 45
50 85
50 103
50 105
50 83
50 13
50 34
50 41
50 63
50 93
50 96
50 9
51 66
51 70
51 77
51 79
51 80
51 81
51 82
51 84
51 11
51 45
51 56
51 95
51 58
51 74
51 109
51 103
51 106
51 54
51 41
51 63
51 96
51 14
51 47
51 89
51 46
51 76
51 92
51 6
66 70
66 77
66 80
66 81
66 82
66 84
66 1
66 10
66 2
66 35
66 37
66 40
66 43
66 56
66 57
66 65
66 8
66 85
66 94
66 95
66 98
66 99
66 41
66 93
66 14
66 17
66 26
66 89
66 62
66 72
66 88
70 77
70 80
70 81
70 82
70 84
70 83
70 6
77 80
77 81
77 82
77 84
77 11
77 2
77 45
77 8
77 85
77 74
77 103
77 105
77 24
77 28
77 30
77 61
77 64
77 83
77 110
77 13
77 34
77 41
77 93
77 96
77 89
77 59
77 9
77 111
77 29
77 38
77 60
77 69
77 86
79 82
79 84
79 35
79 8
79 94
79 95
79 103
79 106
79 63
79 62
79 72
79 59
79 38
79 69
79 86
79 97
79 6
80 81
80 82
80 84
81 82
81 84
81 11
81 56
81 57
81 8
81 36
81 55
81 58
81 73
81 74
81 103
81 105
81 108
81 24
81 28
81 30
81 54
81 61
81 64
81 83
81 6
82 84
82 56
82 58
82 74
82 109
82 106
82 54
82 83
82 13
82 41
82 63
82 14
82 21
82 47
82 52
82 46
82 76
82 92
82 6
82 7
84 103
84 6
1 10
1 2
1 35
1 37
1 40
1 43
1 45
1 56
1 57
1 65
1 8
1 85
1 94
1 95
1 98
1 99
10 2
10 35
10 37
10 40
10 43
10 56
10 57
10 65
10 8
10 85
10 94
10 98
10 99
10 36
10 55
10 58
10 73
10 74
11 45
11 56
11 57
11 8
11 36
11 55
11 58
11 73
11 74
11 103
11 105
11 108
11 24
11 28
11 30
11 54
11 61
11 64
11 83
11 6
2 35
2 37
2 40
2 43
2 45
2 56
2 57
2 65
2 8
2 85
2 94
2 98
2 99
2 109
2 103
2 105
2 83
2 13
2 34
2 41
2 63
2 93
2 96
2 14
2 17
2 42
2 44
2 91
2 62
2 16
2 23
2 4
2 59
2 9
35 37
35 40
35 43
35 56
35 57
35 65
35 8
35 85
35 94
35 95
35 98
35 99
35 100
35 101
35 109
35 13
35 63
35 96
35 17
35 21
35 26
35 42
35 44
35 67
35 71
35 75
35 78
35 89
35 91
35 62
35 72
35 16
35 23
35 4
35 59
35 38
35 69
35 86
35 97
37 40
37 43
37 56
37 57
37 65
37 8
37 85
37 94
37 98
37 99
37 36
37 55
37 58
37 74
40 43
40 45
40 56
40 57
40 65
40 8
40 85
40 94
40 98
40 99
40 100
40 63
40 17
40 42
40 44
40 91
40 62
40 88
40 16
40 23
40 4
43 56
43 57
43 65
43 8
43 85
43 94
43 98
43 99
43 23
45 65
45 85
45 99
45 103
45 105
45 83
45 13
45 34
45 41
45 93
45 96
45 14
45 42
45 71
45 78
45 16
45 9
56 57
56 65
56 8
56 85
56 94
56 98
56 99
56 36
56 55
56 58
56 73
56 74
56 109
56 103
56 105
56 106
56 108
56 28
56 54
56 83
56 41
56 63
56 14
56 47
56 46
56 76
56 92
56 6
57 65
57 8
57 85
57 94
57 98
57 99
57 36
57 55
57 58
57 73
57 74
57 103
57 105
57 108
57 28
57 54
57 83
57 6
65 8
65 85
65 94
65 98
65 99
65 100
65 63
65 17
65 42
65 44
65 78
65 91
65 62
65 16
65 23
65 4
8 85
8 94
8 95
8 98
8 99
8 36
8 55
8 58
8 73
8 74
8 103
8 105
8 108
8 24
8 28
8 30
8 54
8 61
8 64
8 83
8 62
8 72
8 59
8 38
8 69
8 86
8 97
8 6
85 94
85 98
85 99
85 74
85 103
85 105
85 83
85 13
85 34
85 41
85 93
85 96
85 9
94 95
94 98
94 99
94 63
94 17
94 42
94 44
94 91
94 62
94 72
94 16
94 23
94 4
94 59
94 38
94 69
94 86
94 97
95 41
95 63
95 93
95 14
95 17
95 26
95 89
95 62
95 72
95 88
95 59
95 38
95 69
95 86
95 97
98 99
98 100
98 101
98 109
98 13
98 63
98 96
98 17
98 21
98 26
98 42
98 44
98 67
98 71
98 75
98 78
98 89
98 91
98 62
98 88
98 16
98 23
98 4
99 100
99 63
99 17
99 42
99 44
99 91
99 62
99 16
99 23
99 4
36 55
36 58
36 73
36 74
36 103
36 105
36 108
36 28
36 54
36 83
36 6
55 58
55 73
55 74
55 103
55 105
55 108
55 28
55 54
55 83
55 6
58 73
58 74
58 109
58 103
58 105
58 106
58 108
58 28
58 54
58 83
58 41
58 63
58 14
58 47
58 46
58 76
58 92
58 6
73 74
73 103
73 105
73 108
73 28
73 54
73 83
73 6
74 109
74 103
74 105
74 106
74 108
74 24
74 28
74 30
74 54
74 61
74 64
74 83
74 41
74 63
74 14
74 47
74 46
74 76
74 92
74 6
100 101
100 109
100 13
100 63
100 96
100 17
100 21
100 26
100 42
100 44
100 67
100 71
100 75
100 78
100 89
100 91
100 16
101 109
101 13
101 63
101 96
101 17
101 21
101 26
101 42
101 44
101 67
101 71
101 75
101 78
101 89
101 91
101 16
109 106
109 54
109 13
109 34
109 41
109 63
109 96
109 14
109 17
109 21
109 26
109 42
109 44
109 47
109 52
109 67
109 71
109 75
109 78
109 89
109 91
109 46
109 76
109 92
109 9
109 7
103 105
103 106
103 108
103 28
103 54
103 83
103 13
103 34
103 41
103 93
103 96
103 9
103 6
105 106
105 108
105 28
105 54
105 83
105 13
105 34
105 41
105 93
105 96
105 47
105 68
105 9
105 6
106 108
106 54
106 83
106 13
106 41
106 63
106 14
106 47
106 68
106 46
106 76
106 92
106 6
108 28
108 54
108 83
108 13
108 47
108 68
108 6
24 28
24 30
24 61
24 64
24 111
24 38
24 60
28 30
28 54
28 61
28 64
28 83
28 6
30 61
30 64
30 111
54 83
54 41
54 63
54 14
54 47
54 46
54 76
54 92
54 6
61 64
61 111
61 29
61 38
61 60
83 13
83 34
83 41
83 93
83 96
83 47
83 68
83 9
83 6
110 112
110 59
110 29
110 38
110 60
110 87
110 86
112 59
112 29
112 38
112 87
13 34
13 41
13 63
13 93
13 96
13 14
13 17
13 21
13 26
13 42
13 44
13 47
13 52
13 67
13 68
13 71
13 75
13 78
13 89
13 91
13 9
13 6
13 7
34 41
34 93
34 96
34 14
34 21
34 52
34 71
34 89
34 9
34 7
41 63
41 93
41 96
41 14
41 17
41 26
41 47
41 89
41 46
41 62
41 72
41 76
41 88
41 92
41 4
41 9
63 96
63 14
63 17
63 21
63 26
63 42
63 44
63 47
63 67
63 71
63 75
63 78
63 89
63 91
63 46
63 62
63 72
63 76
63 92
63 16
63 23
63 4
63 86
93 96
93 14
93 17
93 26
93 89
93 62
93 72
93 88
93 9
93 7
96 17
96 21
96 26
96 42
96 44
96 52
96 67
96 71
96 75
96 78
96 89
96 91
96 9
96 7
14 17
14 21
14 26
14 42
14 47
14 52
14 71
14 89
14 46
14 62
14 72
14 76
14 88
14 92
14 9
14 7
17 21
17 26
17 42
17 44
17 67
17 71
17 75
17 78
17 89
17 91
17 62
17 72
17 88
17 16
17 23
17 4
21 26
21 42
21 44
21 52
21 67
21 71
21 75
21 78
21 89
21 91
21 9
21 7
26 42
26 44
26 67
26 71
26 75
26 78
26 89
26 91
26 62
26 72
26 88
26 16
42 44
42 67
42 71
42 75
42 78
42 89
42 91
42 62
42 88
42 16
42 23
42 4
44 67
44 71
44 75
44 78
44 89
44 91
44 62
44 88
44 16
44 23
44 4
47 68
47 46
47 76
47 92
47 6
52 71
52 89
52 9
52 7
67 71
67 75
67 78
67 89
67 91
67 62
67 88
67 16
68 6
71 75
71 78
71 89
71 91
71 9
71 7
75 78
75 89
75 91
75 62
75 88
75 16
78 89
78 91
78 16
89 91
89 62
89 72
89 88
89 16
89 9
91 62
91 16
91 23
91 4
46 76
46 92
62 72
62 88
62 16
62 23
62 4
62 59
62 38
62 69
62 86
62 97
72 88
72 59
72 38
72 69
72 86
72 97
76 92
88 16
88 4
16 23
16 4
23 4
23 111
23 29
23 38
23 60
59 29
59 38
59 60
59 87
59 69
59 86
59 97
9 7
111 29
111 38
111 60
29 38
29 60
29 87
29 69
29 86
29 97
38 60
38 87
38 69
38 86
38 97
60 87
60 69
60 86
87 69
69 86
69 97
86 97
2:
51 1
51 11
51 31
51 45
51 95
1 11
1 31
1 45
1 95
11 31
11 45
11 95
31 45
31 95
45 95
