# The contained cliques in the communities at k=6
# from /Users/ischeinfeld/Documents/research/conceptNet/data/cfinder/feature_network_w1
# at no lower link weight threshold,
# and at no upper link weight threshold.
# Links were treated as undirected.
# No time limit was set for the clique search.

0: 4 
1: 6 15 16 28 24 38 48 65 25 27 26 49 71 83 103 157 158 160 161 75 88 89 90 159 162 227 232 77 78 79 156 200 224 225 226 229 230 231 247 249 251 76 69 172 67 99 100 68 72 73 170 171 173 223 261 280 279 152 177 181 228 253 260 278 314 64 153 215 222 315 117 119 147 148 149 151 154 167 206 207 208 209 217 218 219 238 241 265 266 275 276 288 290 291 312 320 104 105 106 108 109 111 118 120 125 126 129 130 139 210 33 66 107 110 112 113 114 115 116 123 124 127 128 131 132 133 134 135 136 137 138 140 141 142 143 145 186 187 188 189 190 191 192 194 220 233 234 235 236 240 244 245 246 256 277 281 289 292 293 295 296 298 299 300 301 302 304 305 306 307 308 316 317 318 319 34 35 36 37 87 98 164 165 168 297 150 155 166 214 213 216 178 43 51 52 144 146 174 175 179 180 182 183 185 193 197 198 243 252 263 269 270 271 273 274 40 41 42 44 45 46 47 39 184 221 248 310 311 313 250 284 282 283 285 286 287 294 195 196 237 239 169 32 163 262 264 31 23 84 85 86 255 121 122 211 321 204 94 97 309 272 102 
2: 11 
